              precision    recall  f1-score   support

   explosion     0.8805    0.9444    0.9113       234
       drone     0.8014    0.9750    0.8797       120
    aircraft     0.8585    0.8611    0.8598       324
       siren     0.9520    0.8971    0.9237       243
    dog_bark     0.8961    0.8519    0.8734       243
         cat     0.5000    0.5667    0.5312        90
        bird     0.7328    0.7619    0.7471       126
    baby_cry     0.7053    0.7444    0.7243        90
 glass_break     0.2068    0.9074    0.3368        54
    car_horn     0.3939    0.6190    0.4815        63
    doorbell     0.4337    0.4000    0.4162        90
      speech     0.0000    0.0000    0.0000         0
       music     0.0000    0.0000    0.0000         0
       other     0.8914    0.6999    0.7841      1173

    accuracy                         0.7723      2850
   macro avg     0.5895    0.6592    0.6049      2850
weighted avg     0.8249    0.7723    0.7884      2850
